3000 3500 90;
5150 -0.249749 -0.249749;
3340 0 0;
5250 -0.221016 -0.221016;
2620 0 0;
1620 -0.3 0.3;
1700 0 0;
3770 0.3 -0.3;
1970 0 0;
4390 0.240908 0.276271;
2160 0 0;
5810 -0.124918 -0.218541;
9870 -0.218806 0.232067;
6560 0.170183 0.161342;
3360 0.26743 0.209966;
9180 0.218806 0.0110508;
3940 0.350002 0.439823;
10220 -0.427755 0.439248;
4050 0 0;
2720 0.439823 0.0685151;
2560 0.27185 -0.27185;
1890 0 0;
4090 -0.439823 -0.428507;
3000 0 0;
8300 0.0881413 0.436507;
3420 0.439823 0.224508;
3500 0.364677 -0.0817761;
3150 0.401366 0.439823;
3000 0 0;
6250 -0.439823 -0.0729354;
2190 -0.289531 0.289531;
9400 0.407864 0.407864;
13980 0.236488 -0.236488;
3000 0 0;
